milk 7, dark 0, white 0, sugar free 1
milk 7, dark 0, white 0, sugar free 1
milk 7, dark 0, white 0, sugar free 1
milk 7, dark 0, white 0, sugar free 1
